00000000000000000000002022142247
00000000000000000000002021142214
00000000000000000000002021142088
00000000000000000000002020142026
00000000000000000000002020145015
00000000000000000000002020136012
00000000000000000000002023142084
00000000000000000000002021143019
00000000000000000000002023142187
00000000000000000000002021142174
00000000000000000000002022142065
00000000000000000000002023145065
00000000000000000000002020142231
00000000000000000000002021142139
00000000000000000000002020142122
00000000000000000000002021142185
00000000000000000000002020142057
00000000000000000000002020142127
00000000000000000000002021142013
00000000000000000000002021142001
00000000000000000000002021142074
00000000000000000000002021142027
00000000000000000000002022142107
00000000000000000000002018142186
00000000000000000000002024142096
00000000000000000000002020142221
00000000000000000000002021142059
